"date","time","time_sec","Ch1_O2","Ch1_temp","Ch2_O2","Ch3_O2","Ch4_O2"
"8/17/2021","11:21:15",0,8.3379,24.747,8.0678,7.99,7.8677
"8/17/2021","11:21:16",1,8.3406,24.748,8.0652,7.9903,7.8675
"8/17/2021","11:21:17",2,8.3399,24.749,8.0611,7.9872,7.8666
"8/17/2021","11:21:18",3,8.3369,24.748,8.0569,7.9869,7.8633
"8/17/2021","11:21:19",4,8.3365,24.749,8.0563,7.9874,7.8606
"8/17/2021","11:21:20",5,8.3344,24.75,8.0579,7.9838,7.8575
"8/17/2021","11:21:21",6,8.3377,24.752,8.0607,7.9827,7.8597
"8/17/2021","11:21:22",7,8.3346,24.753,8.0588,7.9794,7.8579
"8/17/2021","11:21:23",8,8.335,24.752,8.0559,7.9837,7.8567
"8/17/2021","11:21:24",9,8.332,24.751,8.0527,7.9853,7.8489
"8/17/2021","11:21:25",10,8.3346,24.748,8.0506,7.9875,7.8458
"8/17/2021","11:21:26",11,8.3365,24.745,8.0511,7.9852,7.843
"8/17/2021","11:21:27",12,8.3347,24.747,8.052,7.9822,7.8409
"8/17/2021","11:21:28",13.05,8.3312,24.749,8.0521,7.9779,7.8341
"8/17/2021","11:21:29",14,8.3286,24.755,8.0508,7.973,7.8285
"8/17/2021","11:21:30",15,8.3305,24.759,8.0488,7.9735,7.8287
"8/17/2021","11:21:31",16,8.3331,24.762,8.0478,7.9731,7.8291
"8/17/2021","11:21:32",17,8.3343,24.764,8.0465,7.9742,7.8281
"8/17/2021","11:21:33",18,8.3324,24.761,8.0484,7.9705,7.8236
"8/17/2021","11:21:34",19,8.332,24.758,8.0497,7.9704,7.8225
"8/17/2021","11:21:35",20,8.3324,24.745,8.0508,7.9733,7.8225
"8/17/2021","11:21:36",21,8.3358,24.731,8.0505,7.9755,7.8232
"8/17/2021","11:21:37",22,8.3378,24.719,8.0495,7.9778,7.8226
"8/17/2021","11:21:38",23,8.3381,24.716,8.0467,7.9781,7.8188
"8/17/2021","11:21:39",24,8.3372,24.716,8.0465,7.9819,7.8167
"8/17/2021","11:21:40",25,8.3408,24.716,8.0452,7.9807,7.8148
"8/17/2021","11:21:41",26,8.3422,24.708,8.0509,7.9806,7.8144
"8/17/2021","11:21:42",27,8.3453,24.699,8.051,7.9789,7.8098
"8/17/2021","11:21:43",28,8.3476,24.691,8.0547,7.9796,7.8087
"8/17/2021","11:21:44",29,8.3476,24.688,8.0526,7.978,7.8069
"8/17/2021","11:21:45",30,8.3504,24.684,8.0531,7.9781,7.8086
"8/17/2021","11:21:46",31,8.349,24.682,8.0502,7.9795,7.8038
"8/17/2021","11:21:47",32,8.3504,24.678,8.0495,7.9812,7.8027
"8/17/2021","11:21:48",33,8.3501,24.674,8.0503,7.9827,7.7987
"8/17/2021","11:21:49",34,8.3494,24.672,8.0543,7.9812,7.7984
"8/17/2021","11:21:50",35,8.3506,24.674,8.053,7.9792,7.7953
"8/17/2021","11:21:51",36,8.3465,24.691,8.0488,7.9736,7.7906
"8/17/2021","11:21:52",37,8.342,24.708,8.0411,7.9679,7.7828
"8/17/2021","11:21:53",38,8.3359,24.724,8.0364,7.9649,7.774
"8/17/2021","11:21:54",39,8.3326,24.729,8.0311,7.9655,7.7709
"8/17/2021","11:21:55",40,8.3333,24.732,8.0308,7.9633,7.7688
"8/17/2021","11:21:56",41,8.336,24.735,8.0296,7.9605,7.7676
"8/17/2021","11:21:57",42,8.3368,24.742,8.0271,7.9538,7.7611
"8/17/2021","11:21:58",43,8.3353,24.748,8.0256,7.9546,7.7577
"8/17/2021","11:21:59",44,8.3322,24.751,8.0241,7.9553,7.7501
"8/17/2021","11:22:00",45,8.3325,24.755,8.0241,7.9562,7.7488
"8/17/2021","11:22:01",46,8.3298,24.754,8.0202,7.9534,7.7449
"8/17/2021","11:22:02",47,8.3305,24.754,8.0186,7.9517,7.7451
"8/17/2021","11:22:03",48,8.3312,24.75,8.0198,7.9489,7.7384
"8/17/2021","11:22:04",49,8.3338,24.75,8.0216,7.9512,7.7344
"8/17/2021","11:22:05",50,8.339,24.745,8.0203,7.9502,7.7333
"8/17/2021","11:22:06",51,8.3381,24.742,8.0185,7.9521,7.735
"8/17/2021","11:22:07",52,8.3383,24.737,8.017,7.95,7.7356
"8/17/2021","11:22:08",53,8.3318,24.736,8.0174,7.9525,7.7312
"8/17/2021","11:22:09",54,8.3326,24.737,8.0172,7.9505,7.7266
"8/17/2021","11:22:10",55,8.3363,24.736,8.0177,7.95,7.7219
"8/17/2021","11:22:11",56,8.3397,24.732,8.016,7.9481,7.7167
"8/17/2021","11:22:12",57,8.3408,24.723,8.0154,7.9492,7.7164
"8/17/2021","11:22:13",58,8.3402,24.714,8.0155,7.9524,7.7159
"8/17/2021","11:22:14",59,8.3429,24.704,8.0202,7.9506,7.7181
"8/17/2021","11:22:15",60,8.3434,24.701,8.0197,7.9489,7.7147
"8/17/2021","11:22:16",61,8.347,24.7,8.023,7.9484,7.711
"8/17/2021","11:22:17",62,8.3467,24.701,8.0204,7.9463,7.7079
"8/17/2021","11:22:18",63,8.3456,24.699,8.0222,7.9474,7.7065
"8/17/2021","11:22:19",64,8.3415,24.7,8.0153,7.9432,7.7063
"8/17/2021","11:22:20",65,8.3399,24.704,8.0166,7.9442,7.7023
"8/17/2021","11:22:21",66,8.3432,24.707,8.0148,7.942,7.6984
"8/17/2021","11:22:22",67,8.3445,24.708,8.0158,7.9437,7.6926
"8/17/2021","11:22:23",68,8.3431,24.71,8.0128,7.9438,7.686
"8/17/2021","11:22:24",69,8.3409,24.712,8.0116,7.9443,7.6822
"8/17/2021","11:22:25",70,8.3386,24.715,8.0092,7.9421,7.6785
"8/17/2021","11:22:26",71,8.3385,24.714,8.0058,7.9383,7.6776
"8/17/2021","11:22:27",72,8.3363,24.714,8.002,7.9361,7.6729
"8/17/2021","11:22:28",73,8.3345,24.715,8.0031,7.9327,7.6697
"8/17/2021","11:22:29",74,8.3352,24.715,8.0019,7.9349,7.6693
"8/17/2021","11:22:30",75,8.3382,24.713,8.0024,7.9372,7.6704
"8/17/2021","11:22:31",76,8.3433,24.71,8.0014,7.938,7.6673
"8/17/2021","11:22:32",77,8.344,24.708,8.002,7.9378,7.6627
"8/17/2021","11:22:33",78,8.3418,24.711,8.0041,7.9341,7.6549
"8/17/2021","11:22:34",79,8.3376,24.716,8.0035,7.9315,7.6527
"8/17/2021","11:22:35",80,8.3354,24.723,8.0028,7.9287,7.6485
"8/17/2021","11:22:36",81,8.3357,24.727,7.9972,7.9257,7.6479
"8/17/2021","11:22:37",82,8.3323,24.73,7.9929,7.9262,7.6452
"8/17/2021","11:22:38",83,8.3319,24.729,7.9906,7.9214,7.6442
"8/17/2021","11:22:39",84,8.3318,24.729,7.9917,7.9213,7.6401
"8/17/2021","11:22:40",85,8.3346,24.726,7.9959,7.9195,7.6358
"8/17/2021","11:22:41",86,8.3361,24.726,7.9947,7.9233,7.6322
"8/17/2021","11:22:42",87,8.3355,24.728,7.9927,7.9215,7.6266
"8/17/2021","11:22:43",88,8.3347,24.731,7.9893,7.9184,7.6214
"8/17/2021","11:22:44",89,8.3351,24.736,7.9887,7.9146,7.6153
"8/17/2021","11:22:45",90,8.3338,24.74,7.9845,7.9169,7.6131
"8/17/2021","11:22:46",91,8.334,24.745,7.981,7.9175,7.6106
"8/17/2021","11:22:47",92,8.3301,24.749,7.9789,7.9157,7.6066
"8/17/2021","11:22:48",93,8.3306,24.754,7.9814,7.9101,7.6036
"8/17/2021","11:22:49",94,8.3304,24.754,7.9807,7.9078,7.6014
"8/17/2021","11:22:50",95,8.3318,24.754,7.9799,7.9044,7.5997
"8/17/2021","11:22:51",96,8.3312,24.753,7.9789,7.9072,7.5953
"8/17/2021","11:22:52",97,8.3305,24.753,7.9779,7.9081,7.5927
"8/17/2021","11:22:53",98,8.3301,24.749,7.9775,7.9094,7.5888
"8/17/2021","11:22:54",99,8.3286,24.746,7.9754,7.9061,7.5841
"8/17/2021","11:22:55",100,8.3292,24.743,7.9752,7.9041,7.5787
"8/17/2021","11:22:56",101,8.3275,24.743,7.9781,7.9038,7.5787
"8/17/2021","11:22:57",102,8.328,24.743,7.9795,7.9029,7.5781
"8/17/2021","11:22:58",103,8.3294,24.743,7.9805,7.9022,7.5732
"8/17/2021","11:22:59",104,8.3308,24.742,7.9761,7.9002,7.5692
"8/17/2021","11:23:00",105,8.3344,24.737,7.976,7.9007,7.5694
"8/17/2021","11:23:01",106,8.3305,24.735,7.9779,7.8995,7.569
"8/17/2021","11:23:02",107,8.3294,24.733,7.9812,7.9017,7.5642
"8/17/2021","11:23:03",108,8.3243,24.735,7.9793,7.9004,7.5581
"8/17/2021","11:23:04",109,8.3278,24.736,7.9754,7.9021,7.5538
"8/17/2021","11:23:05",110,8.3293,24.738,7.9701,7.9,7.5485
"8/17/2021","11:23:06",111,8.3274,24.739,7.9717,7.8994,7.546
"8/17/2021","11:23:07",112,8.3272,24.739,7.9726,7.8987,7.5423
"8/17/2021","11:23:08",113,8.3249,24.737,7.972,7.8972,7.5418
"8/17/2021","11:23:09",114,8.3304,24.736,7.9693,7.8952,7.5393
"8/17/2021","11:23:10",115,8.3302,24.736,7.9665,7.8924,7.5349
"8/17/2021","11:23:11",116,8.3325,24.735,7.9682,7.8937,7.5315
"8/17/2021","11:23:12",117,8.3341,24.735,7.9662,7.8947,7.5259
"8/17/2021","11:23:13",118,8.3365,24.735,7.9643,7.8935,7.5233
"8/17/2021","11:23:14",119,8.3381,24.737,7.9609,7.8918,7.5195
"8/17/2021","11:23:15",120,8.3354,24.737,7.9602,7.8911,7.5165
"8/17/2021","11:23:16",121,8.3325,24.738,7.9588,7.8916,7.513
"8/17/2021","11:23:17",122,8.3304,24.74,7.9577,7.8929,7.5075
"8/17/2021","11:23:18",123,8.3281,24.743,7.9541,7.8909,7.5024
"8/17/2021","11:23:19",124,8.327,24.747,7.9537,7.8894,7.4993
"8/17/2021","11:23:20",125,8.3248,24.748,7.9565,7.8852,7.4968
"8/17/2021","11:23:21",126,8.327,24.75,7.9598,7.8801,7.4931
"8/17/2021","11:23:22",127,8.3251,24.752,7.9579,7.8786,7.4869
"8/17/2021","11:23:23",128,8.3254,24.755,7.9544,7.8772,7.4836
"8/17/2021","11:23:24",129,8.3245,24.755,7.9512,7.8795,7.4819
"8/17/2021","11:23:25",130,8.3244,24.758,7.9512,7.8769,7.4807
"8/17/2021","11:23:26",131,8.3237,24.761,7.9495,7.8771,7.4774
"8/17/2021","11:23:27",132,8.3203,24.768,7.9499,7.8746,7.4706
"8/17/2021","11:23:28",133,8.3172,24.776,7.9471,7.8709,7.4674
"8/17/2021","11:23:29",134,8.3164,24.783,7.9444,7.8664,7.463
"8/17/2021","11:23:30",135,8.3163,24.788,7.9429,7.8649,7.4592
"8/17/2021","11:23:31",136,8.3166,24.789,7.9443,7.8645,7.4531
"8/17/2021","11:23:32",137,8.3167,24.79,7.9435,7.8644,7.4444
"8/17/2021","11:23:33",138,8.3193,24.787,7.9443,7.8653,7.4423
"8/17/2021","11:23:34",139,8.3204,24.782,7.9416,7.8673,7.4418
"8/17/2021","11:23:35",140,8.3213,24.78,7.9403,7.8694,7.4428
"8/17/2021","11:23:36",141,8.3181,24.78,7.9374,7.8668,7.4422
"8/17/2021","11:23:37",142,8.3181,24.78,7.9356,7.8663,7.4375
"8/17/2021","11:23:38",143,8.3173,24.779,7.9355,7.8629,7.4351
"8/17/2021","11:23:39",144,8.3174,24.781,7.9357,7.864,7.4319
"8/17/2021","11:23:40",145,8.3169,24.786,7.9361,7.8644,7.4313
"8/17/2021","11:23:41",146,8.3153,24.79,7.933,7.8626,7.4296
"8/17/2021","11:23:42",147,8.3165,24.79,7.9311,7.8584,7.4251
"8/17/2021","11:23:43",148,8.3147,24.788,7.9286,7.8565,7.4229
"8/17/2021","11:23:44",149,8.3164,24.786,7.928,7.8579,7.4214
"8/17/2021","11:23:45",150,8.3152,24.786,7.921,7.8579,7.4199
"8/17/2021","11:23:46",151,8.3175,24.789,7.9201,7.8544,7.417
"8/17/2021","11:23:47",152,8.3158,24.791,7.921,7.8504,7.4144
"8/17/2021","11:23:48",153,8.3154,24.793,7.9202,7.8509,7.4145
"8/17/2021","11:23:49",154,8.3136,24.793,7.9185,7.8506,7.4105
"8/17/2021","11:23:50",155,8.3117,24.795,7.9194,7.85,7.4058
"8/17/2021","11:23:51",156,8.3101,24.796,7.922,7.8492,7.3999
"8/17/2021","11:23:52",157,8.3091,24.798,7.921,7.8479,7.3954
"8/17/2021","11:23:53",158,8.31,24.799,7.9185,7.8462,7.3902
"8/17/2021","11:23:54",159,8.3088,24.805,7.9194,7.8436,7.3849
"8/17/2021","11:23:55",160,8.3074,24.809,7.9173,7.8401,7.3798
"8/17/2021","11:23:56",161,8.3103,24.812,7.9148,7.8415,7.3767
"8/17/2021","11:23:57",162,8.311,24.812,7.9134,7.8389,7.3717
"8/17/2021","11:23:58",163,8.3121,24.81,7.9094,7.8399,7.3696
"8/17/2021","11:23:59",164,8.3092,24.811,7.9072,7.8392,7.3677
"8/17/2021","11:24:00",165,8.3086,24.807,7.9053,7.8407,7.369
"8/17/2021","11:24:01",166,8.3087,24.806,7.9086,7.8445,7.3653
"8/17/2021","11:24:02",167,8.3083,24.806,7.9075,7.8454,7.3612
"8/17/2021","11:24:03",168,8.3093,24.811,7.8992,7.8457,7.3529
"8/17/2021","11:24:04",169,8.3093,24.812,7.8954,7.8426,7.3487
"8/17/2021","11:24:05",170,8.3099,24.807,7.8907,7.8429,7.3456
"8/17/2021","11:24:06",171,8.3098,24.8,7.8941,7.8452,7.3472
"8/17/2021","11:24:07",172,8.3085,24.799,7.893,7.8484,7.3452
"8/17/2021","11:24:08",173,8.3092,24.798,7.8932,7.8476,7.3414
"8/17/2021","11:24:09",174,8.3102,24.795,7.892,7.8478,7.3361
"8/17/2021","11:24:10",175,8.3121,24.791,7.8919,7.8463,7.3365
"8/17/2021","11:24:11",176,8.3119,24.787,7.8927,7.847,7.3357
"8/17/2021","11:24:12",177,8.3108,24.788,7.8949,7.8481,7.3336
"8/17/2021","11:24:13",178,8.3099,24.788,7.8967,7.8494,7.3301
"8/17/2021","11:24:14",179,8.3109,24.788,7.8977,7.8513,7.3259
"8/17/2021","11:24:15",180,8.3104,24.791,7.894,7.8517,7.3244
"8/17/2021","11:24:16",181,8.3063,24.802,7.8891,7.8528,7.3172
"8/17/2021","11:24:17",182,8.3009,24.817,7.886,7.8522,7.3132
"8/17/2021","11:24:18",183,8.2984,24.825,7.884,7.8527,7.3091
"8/17/2021","11:24:19",184,8.3,24.83,7.8796,7.8521,7.3064
"8/17/2021","11:24:20",185,8.2982,24.833,7.8716,7.8558,7.3015
"8/17/2021","11:24:21",186,8.2992,24.837,7.8676,7.8576,7.2954
"8/17/2021","11:24:22",187,8.2981,24.84,7.8663,7.8648,7.2936
"8/17/2021","11:24:23",188,8.2974,24.841,7.8668,7.8683,7.2897
"8/17/2021","11:24:24",189,8.2947,24.839,7.8645,7.8743,7.2867
"8/17/2021","11:24:25",190,8.2986,24.832,7.8679,7.8795,7.2836
"8/17/2021","11:24:26",191,8.3009,24.829,7.8688,7.8845,7.2829
"8/17/2021","11:24:27",192,8.3011,24.832,7.8698,7.891,7.283
"8/17/2021","11:24:28",193,8.296,24.839,7.8655,7.8924,7.2778
"8/17/2021","11:24:29",194,8.2965,24.844,7.8664,7.8965,7.273
"8/17/2021","11:24:30",195,8.2979,24.846,7.8617,7.898,7.2672
"8/17/2021","11:24:31",196,8.3006,24.847,7.859,7.9002,7.2664
"8/17/2021","11:24:32",197,8.3005,24.848,7.854,7.9031,7.2652
"8/17/2021","11:24:33",198,8.298,24.848,7.8494,7.9066,7.2623
"8/17/2021","11:24:34",199,8.2952,24.845,7.8475,7.9142,7.2559
"8/17/2021","11:24:35",200,8.2936,24.845,7.8484,7.919,7.2524
"8/17/2021","11:24:36",201,8.297,24.839,7.8561,7.926,7.248
"8/17/2021","11:24:37",202,8.2998,24.834,7.8579,7.9311,7.2479
"8/17/2021","11:24:38",203,8.3016,24.828,7.8583,7.938,7.2445
"8/17/2021","11:24:39",204,8.3013,24.825,7.8556,7.9429,7.2424
"8/17/2021","11:24:40",205,8.3009,24.822,7.8573,7.9466,7.2391
"8/17/2021","11:24:41",206,8.2993,24.82,7.8577,7.949,7.238
"8/17/2021","11:24:42",207,8.2997,24.818,7.858,7.9505,7.236
"8/17/2021","11:24:43",208,8.2989,24.818,7.8525,7.9536,7.2358
"8/17/2021","11:24:44",209,8.3031,24.817,7.8514,7.9583,7.2362
"8/17/2021","11:24:45",210,8.3026,24.816,7.8521,7.9628,7.232
"8/17/2021","11:24:46",211,8.3024,24.817,7.8572,7.9671,7.2292
"8/17/2021","11:24:47",212,8.2979,24.818,7.8569,7.9691,7.222
"8/17/2021","11:24:48",213,8.2973,24.82,7.8554,7.9745,7.2246
"8/17/2021","11:24:49",214,8.2988,24.821,7.8508,7.9781,7.2234
"8/17/2021","11:24:50",215,8.2982,24.824,7.8487,7.9803,7.2227
"8/17/2021","11:24:51",216,8.2959,24.83,7.8453,7.9797,7.2173
"8/17/2021","11:24:52",217,8.2917,24.834,7.8436,7.9836,7.2161
"8/17/2021","11:24:53",218,8.2929,24.838,7.8433,7.9856,7.2118
"8/17/2021","11:24:54",219,8.2935,24.839,7.8436,7.9881,7.2086
"8/17/2021","11:24:55",220,8.2945,24.842,7.8471,7.9874,7.2009
"8/17/2021","11:24:56",221,8.2943,24.843,7.8454,7.9896,7.2016
"8/17/2021","11:24:57",222,8.2925,24.844,7.8449,7.993,7.1998
"8/17/2021","11:24:58",223,8.2919,24.844,7.8411,7.9958,7.1983
"8/17/2021","11:24:59",224,8.2933,24.843,7.8432,7.9992,7.1941
"8/17/2021","11:25:00",225,8.2962,24.84,7.8413,8.0035,7.1914
"8/17/2021","11:25:01",226,8.2964,24.84,7.8432,8.0063,7.1879
"8/17/2021","11:25:02",227,8.2935,24.842,7.8383,8.0089,7.1839
"8/17/2021","11:25:03",228,8.2911,24.845,7.8405,8.0106,7.1815
"8/17/2021","11:25:04",229,8.2934,24.847,7.8416,8.0131,7.1822
"8/17/2021","11:25:05",230,8.293,24.846,7.8436,8.0154,7.1827
"8/17/2021","11:25:06",231,8.2968,24.845,7.8449,8.015,7.1799
"8/17/2021","11:25:07",232,8.2952,24.842,7.8424,8.0199,7.1763
"8/17/2021","11:25:08",233,8.2957,24.841,7.8431,8.0227,7.1703
"8/17/2021","11:25:09",234,8.2907,24.845,7.8419,8.0271,7.1682
"8/17/2021","11:25:10",235,8.2909,24.848,7.8391,8.0299,7.165
"8/17/2021","11:25:11",236,8.2873,24.854,7.833,8.0307,7.1632
"8/17/2021","11:25:12",237,8.2866,24.854,7.8309,8.0317,7.1601
"8/17/2021","11:25:13",238,8.284,24.854,7.8333,8.0294,7.1567
"8/17/2021","11:25:14",239,8.2881,24.85,7.8345,8.0324,7.1546
"8/17/2021","11:25:15",240,8.2864,24.849,7.8329,8.0345,7.154
"8/17/2021","11:25:16",241,8.2866,24.849,7.8298,8.0374,7.1503
"8/17/2021","11:25:17",242,8.2847,24.852,7.8299,8.0386,7.1472
"8/17/2021","11:25:18",243,8.2871,24.851,7.8302,8.0414,7.1424
"8/17/2021","11:25:19",244,8.2908,24.845,7.8307,8.0429,7.1421
"8/17/2021","11:25:20",245,8.2902,24.84,7.8359,8.0466,7.1406
"8/17/2021","11:25:21",246,8.2892,24.837,7.8349,8.0499,7.14
"8/17/2021","11:25:22",247,8.2845,24.836,7.8345,8.0557,7.1386
"8/17/2021","11:25:23",248,8.289,24.832,7.8322,8.0588,7.1391
"8/17/2021","11:25:24",249,8.2949,24.829,7.8323,8.0617,7.135
"8/17/2021","11:25:25",250,8.2965,24.828,7.8308,8.0597,7.1308
"8/17/2021","11:25:26",251,8.2937,24.83,7.8317,8.0617,7.126
"8/17/2021","11:25:27",252,8.2896,24.832,7.8316,8.0611,7.1234
"8/17/2021","11:25:28",253,8.2917,24.829,7.8338,8.0662,7.1217
"8/17/2021","11:25:29",254,8.2936,24.826,7.8347,8.0672,7.118
"8/17/2021","11:25:30",255,8.2941,24.826,7.838,8.071,7.1149
"8/17/2021","11:25:31",256,8.2937,24.824,7.8402,8.074,7.1097
"8/17/2021","11:25:32",257,8.2937,24.823,7.8403,8.0771,7.1052
"8/17/2021","11:25:33",258,8.2951,24.818,7.8386,8.0792,7.0993
"8/17/2021","11:25:34",259,8.2961,24.818,7.8398,8.0796,7.0966
"8/17/2021","11:25:35",260,8.2959,24.814,7.8409,8.0815,7.0952
"8/17/2021","11:25:36",261,8.293,24.813,7.8389,8.0833,7.0943
"8/17/2021","11:25:37",262,8.2925,24.813,7.8396,8.0881,7.0925
"8/17/2021","11:25:38",263,8.2908,24.816,7.8338,8.0889,7.09
"8/17/2021","11:25:39",264,8.2954,24.818,7.8396,8.0897,7.0875
"8/17/2021","11:25:40",265,8.2919,24.817,7.8403,8.0887,7.085
"8/17/2021","11:25:41",266,8.2934,24.818,7.8415,8.0907,7.0814
"8/17/2021","11:25:42",267,8.2919,24.821,7.8378,8.0928,7.0793
"8/17/2021","11:25:43",268,8.2958,24.826,7.832,8.0926,7.0774
"8/17/2021","11:25:44",269,8.2929,24.83,7.834,8.0933,7.0738
"8/17/2021","11:25:45",270,8.2912,24.833,7.8314,8.0967,7.0701
"8/17/2021","11:25:46",271,8.2886,24.838,7.831,8.0989,7.0673
"8/17/2021","11:25:47",272,8.2911,24.836,7.8304,8.1005,7.0666
"8/17/2021","11:25:48",273,8.2931,24.837,7.8328,8.0976,7.0648
"8/17/2021","11:25:49",274,8.2945,24.835,7.8371,8.0977,7.0596
"8/17/2021","11:25:50",275,8.2938,24.836,7.8389,8.0995,7.0554
"8/17/2021","11:25:51",276,8.2891,24.835,7.8379,8.1021,7.0522
"8/17/2021","11:25:52",277,8.2878,24.832,7.8341,8.1063,7.0507
"8/17/2021","11:25:53",278,8.2896,24.832,7.8326,8.1103,7.0492
"8/17/2021","11:25:54",279,8.2924,24.829,7.8315,8.1116,7.0458
"8/17/2021","11:25:55",280,8.2946,24.829,7.8312,8.1135,7.0416
"8/17/2021","11:25:56",281,8.2917,24.829,7.8289,8.114,7.0377
"8/17/2021","11:25:57",282,8.294,24.828,7.8271,8.1166,7.036
"8/17/2021","11:25:58",283,8.2928,24.828,7.8281,8.1153,7.034
"8/17/2021","11:25:59",284,8.2923,24.828,7.8293,8.1168,7.0308
"8/17/2021","11:26:00",285,8.2896,24.828,7.8312,8.1175,7.0276
"8/17/2021","11:26:01",286,8.2912,24.828,7.8313,8.1206,7.0265
"8/17/2021","11:26:02",287,8.2908,24.828,7.8298,8.119,7.024
"8/17/2021","11:26:03",288,8.2906,24.828,7.8284,8.1214,7.0238
"8/17/2021","11:26:04",289,8.2874,24.833,7.8264,8.1238,7.0177
"8/17/2021","11:26:05",290,8.2871,24.839,7.8237,8.1234,7.0142
"8/17/2021","11:26:06",291,8.2831,24.848,7.8241,8.1234,7.007
"8/17/2021","11:26:07",292,8.2821,24.856,7.823,8.1188,7.0054
"8/17/2021","11:26:08",293,8.2833,24.858,7.8251,8.1222,7.003
"8/17/2021","11:26:09",294,8.2842,24.86,7.8239,8.124,6.9988
"8/17/2021","11:26:10",295,8.2843,24.857,7.8252,8.1265,6.9957
"8/17/2021","11:26:11",296,8.2822,24.856,7.8251,8.1266,6.9922
"8/17/2021","11:26:12",297,8.2845,24.854,7.8233,8.1267,6.9925
"8/17/2021","11:26:13",298,8.286,24.851,7.8237,8.1304,6.9901
"8/17/2021","11:26:14",299,8.287,24.847,7.8239,8.1325,6.9894
"8/17/2021","11:26:15",300,8.2845,24.843,7.8278,8.1342,6.9863
"8/17/2021","11:26:16",301,8.2842,24.842,7.8273,8.1353,6.9827
"8/17/2021","11:26:17",302,8.285,24.839,7.8265,8.1361,6.9794
"8/17/2021","11:26:18",303,8.2854,24.839,7.8276,8.1397,6.9798
"8/17/2021","11:26:19",304,8.2821,24.837,7.8275,8.1391,6.9795
"8/17/2021","11:26:20",305,8.2824,24.837,7.8289,8.1403,6.9783
"8/17/2021","11:26:21",306,8.2837,24.834,7.8267,8.1418,6.9746
"8/17/2021","11:26:22",307,8.2876,24.831,7.8279,8.1444,6.9728
"8/17/2021","11:26:23",308,8.2852,24.828,7.8275,8.1475,6.9701
"8/17/2021","11:26:24",309,8.2876,24.827,7.8272,8.1453,6.9665
"8/17/2021","11:26:25",310,8.2871,24.826,7.8284,8.146,6.9638
"8/17/2021","11:26:26",311,8.2914,24.821,7.8285,8.1473,6.9628
"8/17/2021","11:26:27",312,8.2898,24.816,7.8321,8.1493,6.9623
"8/17/2021","11:26:28",313,8.2927,24.812,7.8288,8.1502,6.9621
"8/17/2021","11:26:29",314,8.2927,24.808,7.8295,8.1469,6.9588
"8/17/2021","11:26:30",315,8.2952,24.805,7.8278,8.1491,6.9567
"8/17/2021","11:26:31",316,8.2901,24.801,7.8292,8.1498,6.9527
"8/17/2021","11:26:32",317,8.2887,24.802,7.8283,8.1547,6.9527
"8/17/2021","11:26:33",318,8.2892,24.803,7.8288,8.1528,6.951
"8/17/2021","11:26:34",319,8.2899,24.806,7.8285,8.1567,6.9471
"8/17/2021","11:26:35",320,8.2906,24.809,7.8273,8.1572,6.9418
"8/17/2021","11:26:36",321,8.2875,24.812,7.824,8.1589,6.94
"8/17/2021","11:26:37",322,8.2884,24.815,7.827,8.1564,6.9399
"8/17/2021","11:26:38",323,8.2852,24.816,7.8266,8.1574,6.9377
"8/17/2021","11:26:39",324,8.284,24.817,7.8281,8.1603,6.9324
"8/17/2021","11:26:40",325,8.2818,24.818,7.8253,8.1591,6.9306
"8/17/2021","11:26:41",326,8.2852,24.821,7.8243,8.1581,6.9293
"8/17/2021","11:26:42",327,8.2831,24.823,7.8252,8.1543,6.9263
"8/17/2021","11:26:43",328,8.2877,24.826,7.8226,8.1557,6.9206
"8/17/2021","11:26:44",329,8.2855,24.825,7.8225,8.1562,6.9169
"8/17/2021","11:26:45",330,8.2882,24.822,7.8217,8.1592,6.9142
"8/17/2021","11:26:46",331,8.2856,24.82,7.8208,8.1615,6.9115
"8/17/2021","11:26:47",332,8.2831,24.817,7.8228,8.1571,6.9086
"8/17/2021","11:26:48",333,8.2839,24.815,7.8239,8.157,6.9091
"8/17/2021","11:26:49",334,8.2818,24.814,7.8263,8.1552,6.908
"8/17/2021","11:26:50",335,8.2859,24.812,7.8267,8.1611,6.9081
"8/17/2021","11:26:51",336,8.284,24.813,7.8228,8.1607,6.9066
"8/17/2021","11:26:52",337,8.2877,24.813,7.8245,8.1646,6.9066
"8/17/2021","11:26:53",338,8.288,24.811,7.8246,8.165,6.9048
"8/17/2021","11:26:54",339,8.2907,24.808,7.829,8.1662,6.9022
"8/17/2021","11:26:55",340,8.2919,24.807,7.8284,8.1654,6.9016
"8/17/2021","11:26:56",341,8.2918,24.808,7.8269,8.1675,6.8998
"8/17/2021","11:26:57",342,8.2906,24.812,7.8253,8.1692,6.8992
"8/17/2021","11:26:58",343,8.2891,24.812,7.8223,8.169,6.8956
"8/17/2021","11:26:59",344,8.2866,24.812,7.8219,8.1685,6.8923
"8/17/2021","11:27:00",345,8.2897,24.809,7.8157,8.1701,6.891
"8/17/2021","11:27:01",346,8.29,24.81,7.8202,8.1708,6.8851
"8/17/2021","11:27:02",347,8.2887,24.809,7.8234,8.1703,6.8855
"8/17/2021","11:27:03",348,8.2882,24.809,7.833,8.1698,6.8831
"8/17/2021","11:27:04",349,8.2867,24.807,7.8336,8.17,6.8825
"8/17/2021","11:27:05",350,8.2908,24.806,7.8378,8.1682,6.8806
"8/17/2021","11:27:06",351,8.2889,24.805,7.837,8.1685,6.8782
"8/17/2021","11:27:07",352,8.29,24.803,7.834,8.1706,6.8785
"8/17/2021","11:27:08",353,8.289,24.802,7.8275,8.1754,6.8753
"8/17/2021","11:27:09",354,8.2874,24.804,7.8262,8.1721,6.8733
"8/17/2021","11:27:10",355,8.2875,24.802,7.8294,8.1687,6.872
"8/17/2021","11:27:11",356,8.2886,24.799,7.8288,8.1661,6.8709
"8/17/2021","11:27:12",357,8.2917,24.792,7.8262,8.169,6.8695
"8/17/2021","11:27:13",358,8.2924,24.784,7.824,8.1729,6.8692
"8/17/2021","11:27:14",359,8.2934,24.773,7.826,8.1786,6.8688
"8/17/2021","11:27:15",360,8.2961,24.757,7.8297,8.1862,6.8695
"8/17/2021","11:27:16",361,8.2959,24.742,7.8348,8.1894,6.8726
"8/17/2021","11:27:17",362,8.2964,24.734,7.8388,8.1886,6.8768
"8/17/2021","11:27:18",363,8.2915,24.74,7.8383,8.1834,6.8775
"8/17/2021","11:27:19",364,8.2892,24.751,7.8385,8.1841,6.8781
"8/17/2021","11:27:20",365,8.2826,24.763,7.8351,8.1807,6.879
"8/17/2021","11:27:21",366,8.2849,24.773,7.8329,8.1779,6.8849
"8/17/2021","11:27:22",367,8.2849,24.78,7.8275,8.173,6.8894
"8/17/2021","11:27:23",368,8.2862,24.785,7.8305,8.1712,6.897
"8/17/2021","11:27:24",369,8.2824,24.786,7.829,8.1716,6.9043
"8/17/2021","11:27:25",370,8.2821,24.789,7.8301,8.1724,6.9157
"8/17/2021","11:27:26",371,8.2845,24.789,7.8261,8.1712,6.9248
"8/17/2021","11:27:27",372,8.2852,24.791,7.8276,8.1731,6.9366
"8/17/2021","11:27:28",373,8.2815,24.795,7.8261,8.1697,6.9485
"8/17/2021","11:27:29",374,8.2761,24.802,7.8251,8.1701,6.9599
"8/17/2021","11:27:30",375,8.2741,24.809,7.8239,8.1679,6.969
"8/17/2021","11:27:31",376,8.275,24.813,7.8231,8.1693,6.9771
"8/17/2021","11:27:32",377,8.2788,24.815,7.8219,8.17,6.9882
"8/17/2021","11:27:33",378,8.2779,24.816,7.8221,8.1695,7.0011
"8/17/2021","11:27:34",379,8.2754,24.819,7.8219,8.1688,7.0161
"8/17/2021","11:27:35",380,8.2724,24.821,7.8212,8.1689,7.0307
"8/17/2021","11:27:36",381,8.2707,24.821,7.8179,8.1667,7.0466
"8/17/2021","11:27:37",382,8.2709,24.821,7.8142,8.1684,7.0616
"8/17/2021","11:27:38",383,8.2722,24.818,7.8168,8.1678,7.0811
"8/17/2021","11:27:39",384,8.2744,24.812,7.8203,8.1718,7.0994
"8/17/2021","11:27:40",385,8.2802,24.805,7.8233,8.1691,7.1186
"8/17/2021","11:27:41",386,8.2815,24.798,7.8231,8.1711,7.1332
"8/17/2021","11:27:42",387,8.2828,24.797,7.8248,8.1717,7.1475
"8/17/2021","11:27:43",388,8.2787,24.8,7.8246,8.1742,7.1569
"8/17/2021","11:27:44",389,8.2758,24.807,7.8247,8.1748,7.1675
"8/17/2021","11:27:45",390,8.2751,24.809,7.8212,8.1738,7.1788
"8/17/2021","11:27:46",391,8.274,24.808,7.8228,8.1751,7.1957
"8/17/2021","11:27:47",392,8.2767,24.804,7.822,8.1743,7.2123
"8/17/2021","11:27:48",393,8.2759,24.804,7.825,8.1721,7.2272
"8/17/2021","11:27:49",394,8.2775,24.805,7.8244,8.1705,7.2419
"8/17/2021","11:27:50",395,8.2749,24.805,7.826,8.1716,7.2551
"8/17/2021","11:27:51",396,8.2733,24.805,7.8252,8.1754,7.2684
"8/17/2021","11:27:52",397,8.2731,24.801,7.8249,8.1751,7.2789
"8/17/2021","11:27:53",398,8.2731,24.802,7.8233,8.1754,7.2934
"8/17/2021","11:27:54",399,8.2738,24.801,7.8233,8.1754,7.3054
"8/17/2021","11:27:55",400,8.273,24.803,7.8213,8.1789,7.3175
"8/17/2021","11:27:56",401,8.2772,24.799,7.82,8.1768,7.3252
"8/17/2021","11:27:57",402,8.2797,24.798,7.8185,8.1754,7.3386
"8/17/2021","11:27:58",403,8.2808,24.799,7.8198,8.1731,7.3498
"8/17/2021","11:27:59",404,8.2784,24.8,7.8224,8.1734,7.3629
"8/17/2021","11:28:00",405,8.2766,24.799,7.8232,8.1735,7.3718
"8/17/2021","11:28:01",406,8.2776,24.788,7.8254,8.1757,7.3834
"8/17/2021","11:28:02",407,8.2782,24.778,7.8286,8.1789,7.3952
"8/17/2021","11:28:03",408,8.2777,24.768,7.8286,8.1799,7.4071
"8/17/2021","11:28:04",409,8.2807,24.761,7.8294,8.1826,7.4196
"8/17/2021","11:28:05",410,8.2831,24.763,7.827,8.1792,7.4287
"8/17/2021","11:28:06",411,8.2829,24.771,7.8271,8.1795,7.4367
"8/17/2021","11:28:07",412,8.2788,24.784,7.8209,8.1735,7.4436
"8/17/2021","11:28:09",413.51,8.2737,24.786,7.8188,8.1769,7.4509
"8/17/2021","11:28:10",414.39,8.2745,24.789,7.819,8.1729,7.4583
"8/17/2021","11:28:11",415.27,8.2753,24.794,7.8172,8.1725,7.4625
"8/17/2021","11:28:11",416.15,8.2775,24.807,7.8135,8.1667,7.4652
"8/17/2021","11:28:12",417.03,8.2748,24.816,7.8102,8.1647,7.4703
"8/17/2021","11:28:13",418,8.2697,24.821,7.8135,8.1607,7.4749
"8/17/2021","11:28:14",419,8.266,24.826,7.812,8.1598,7.4811
"8/17/2021","11:28:15",420,8.2636,24.831,7.8095,8.1579,7.485
"8/17/2021","11:28:16",421,8.2643,24.834,7.81,8.1543,7.4867
"8/17/2021","11:28:17",422,8.2657,24.837,7.8088,8.1499,7.4901
"8/17/2021","11:28:18",423,8.2669,24.838,7.8118,8.146,7.4942
"8/17/2021","11:28:19",424,8.267,24.839,7.8086,8.1487,7.504
"8/17/2021","11:28:20",425,8.2654,24.838,7.812,8.1508,7.5089
"8/17/2021","11:28:21",426,8.2684,24.839,7.8097,8.1513,7.5162
"8/17/2021","11:28:22",427,8.2708,24.837,7.8129,8.1498,7.5214
"8/17/2021","11:28:23",428,8.2717,24.837,7.8106,8.1471,7.5292
"8/17/2021","11:28:24",429,8.2687,24.834,7.8092,8.1481,7.5363
"8/17/2021","11:28:25",430,8.264,24.834,7.8039,8.1501,7.5422
"8/17/2021","11:28:26",431,8.2628,24.832,7.8067,8.1525,7.5461
"8/17/2021","11:28:27",432,8.2639,24.831,7.8084,8.1538,7.5473
"8/17/2021","11:28:28",433,8.2686,24.829,7.8118,8.1515,7.5509
"8/17/2021","11:28:29",434,8.2686,24.83,7.8109,8.1501,7.5545
"8/17/2021","11:28:30",435,8.2694,24.83,7.8065,8.1515,7.5597
"8/17/2021","11:28:31",436,8.2677,24.831,7.8028,8.1535,7.5617
"8/17/2021","11:28:32",437,8.2671,24.828,7.8015,8.1555,7.5679
"8/17/2021","11:28:33",438,8.2651,24.828,7.8057,8.156,7.5712
"8/17/2021","11:28:34",439,8.2645,24.827,7.8079,8.1541,7.5768
"8/17/2021","11:28:35",440,8.2644,24.825,7.8101,8.1554,7.582
"8/17/2021","11:28:36",441,8.2664,24.821,7.809,8.1548,7.5889
"8/17/2021","11:28:37",442,8.2685,24.816,7.8092,8.1549,7.594
"8/17/2021","11:28:38",443,8.2699,24.808,7.8061,8.1537,7.5966
"8/17/2021","11:28:39",444,8.2705,24.803,7.8097,8.1559,7.5978
"8/17/2021","11:28:40",445,8.272,24.803,7.8109,8.1586,7.5998
"8/17/2021","11:28:41",446,8.2705,24.806,7.8097,8.1574,7.6017
"8/17/2021","11:28:42",447,8.2706,24.807,7.8049,8.1563,7.6041
"8/17/2021","11:28:43",448,8.2691,24.803,7.8028,8.1567,7.6085
"8/17/2021","11:28:44",449,8.2734,24.802,7.8062,8.162,7.613
"8/17/2021","11:28:45",450,8.2745,24.795,7.809,8.1645,7.6166
"8/17/2021","11:28:46",451,8.2797,24.781,7.8133,8.1675,7.6201
"8/17/2021","11:28:47",452,8.2824,24.765,7.8153,8.1686,7.6223
"8/17/2021","11:28:48",453,8.2833,24.76,7.8107,8.17,7.6265
"8/17/2021","11:28:49",454,8.2776,24.763,7.8078,8.1714,7.6293
"8/17/2021","11:28:50",455,8.2734,24.766,7.8049,8.1716,7.6301
"8/17/2021","11:28:51",456,8.2746,24.762,7.8112,8.1701,7.6298
"8/17/2021","11:28:52",457,8.2784,24.765,7.8083,8.1695,7.6318
"8/17/2021","11:28:53",458,8.2804,24.77,7.811,8.1696,7.6363
"8/17/2021","11:28:54",459,8.2774,24.781,7.8077,8.1676,7.638
"8/17/2021","11:28:55",460,8.2736,24.789,7.8081,8.1633,7.6382
"8/17/2021","11:28:56",461,8.2718,24.794,7.8061,8.1615,7.6374
"8/17/2021","11:28:57",462,8.2718,24.798,7.804,8.1608,7.6374
"8/17/2021","11:28:58",463,8.2691,24.799,7.8036,8.1601,7.6352
"8/17/2021","11:28:59",464,8.266,24.801,7.7994,8.1589,7.6344
"8/17/2021","11:29:00",465,8.2647,24.802,7.7996,8.1595,7.6345
"8/17/2021","11:29:01",466,8.2663,24.804,7.7994,8.1601,7.6357
"8/17/2021","11:29:02",467,8.2681,24.806,7.8003,8.1607,7.6387
"8/17/2021","11:29:03",468,8.2686,24.806,7.801,8.1588,7.6407
"8/17/2021","11:29:04",469,8.266,24.804,7.7988,8.1592,7.6419
"8/17/2021","11:29:05",470.02,8.2647,24.805,7.7984,8.1571,7.6396
"8/17/2021","11:29:06",471,8.2653,24.8,7.7981,8.1637,7.6392
"8/17/2021","11:29:07",472.01,8.2696,24.8,7.7997,8.1632,7.6386
"8/17/2021","11:29:08",473,8.2682,24.796,7.7959,8.1656,7.6392
"8/17/2021","11:29:09",474,8.2651,24.798,7.7949,8.1597,7.6425
"8/17/2021","11:29:10",475,8.266,24.799,7.7943,8.1603,7.6437
"8/17/2021","11:29:11",476.01,8.2678,24.801,7.7936,8.1592,7.646
"8/17/2021","11:29:12",477,8.2716,24.804,7.7916,8.1618,7.6433
"8/17/2021","11:29:13",478.02,8.2659,24.802,7.792,8.1631,7.644
"8/17/2021","11:29:14",479,8.2671,24.801,7.7934,8.1604,7.6447
"8/17/2021","11:29:15",480.02,8.2635,24.799,7.7937,8.1581,7.6488
"8/17/2021","11:29:16",481,8.2647,24.799,7.7951,8.1547,7.6479
"8/17/2021","11:29:17",482.03,8.2609,24.797,7.7943,8.1477,7.6471
"8/17/2021","11:29:18",483,8.2624,24.798,7.7929,8.1378,7.6453
"8/17/2021","11:29:19",484.03,8.2629,24.798,7.7887,8.1286,7.646
"8/17/2021","11:29:20",485,8.2633,24.8,7.7889,8.1241,7.6466
"8/17/2021","11:29:21",486.03,8.2612,24.801,7.786,8.1177,7.6422
"8/17/2021","11:29:22",487,8.2624,24.804,7.7859,8.1121,7.6444
"8/17/2021","11:29:23",488.04,8.2649,24.803,7.784,8.1087,7.6423
"8/17/2021","11:29:24",489,8.2644,24.802,7.7868,8.1041,7.6469
"8/17/2021","11:29:25",490.04,8.2654,24.797,7.7867,8.1024,7.6451
"8/17/2021","11:29:26",491,8.2647,24.793,7.7914,8.0964,7.6476
"8/17/2021","11:29:27",492,8.2695,24.785,7.7925,8.0949,7.65
"8/17/2021","11:29:28",493,8.269,24.781,7.7918,8.0906,7.6518
"8/17/2021","11:29:29",494,8.272,24.78,7.7907,8.0871,7.651
"8/17/2021","11:29:30",495,8.2712,24.781,7.7938,8.0824,7.6482
"8/17/2021","11:29:31",496,8.2686,24.786,7.792,8.0767,7.6505
"8/17/2021","11:29:32",497,8.2676,24.786,7.7881,8.0748,7.6516
"8/17/2021","11:29:33",498,8.2676,24.786,7.786,8.0741,7.6554
"8/17/2021","11:29:34",499,8.2718,24.778,7.79,8.0743,7.6548
"8/17/2021","11:29:35",500,8.2693,24.773,7.7922,8.0761,7.6572
"8/17/2021","11:29:36",501,8.2667,24.772,7.7942,8.0743,7.6549
"8/17/2021","11:29:37",502,8.2658,24.774,7.7917,8.0726,7.6518
"8/17/2021","11:29:38",503,8.267,24.774,7.7915,8.0687,7.652
"8/17/2021","11:29:39",504,8.2691,24.773,7.7875,8.066,7.6528
"8/17/2021","11:29:40",505,8.2697,24.775,7.7876,8.0656,7.654
"8/17/2021","11:29:41",506,8.2713,24.773,7.7856,8.0641,7.6544
"8/17/2021","11:29:42",507,8.2706,24.769,7.7864,8.0666,7.6558
"8/17/2021","11:29:43",508,8.2712,24.767,7.7899,8.0627,7.6577
"8/17/2021","11:29:44",509,8.2692,24.768,7.7949,8.0618,7.6573
"8/17/2021","11:29:45",510,8.2682,24.773,7.7931,8.0558,7.6549
"8/17/2021","11:29:46",511,8.2655,24.779,7.7882,8.0564,7.6517
"8/17/2021","11:29:47",512,8.2648,24.783,7.7868,8.0559,7.651
"8/17/2021","11:29:48",513,8.2611,24.784,7.7861,8.0566,7.6531
"8/17/2021","11:29:49",514,8.2609,24.781,7.7903,8.0561,7.6564
"8/17/2021","11:29:50",515,8.2622,24.778,7.7902,8.0567,7.6574
"8/17/2021","11:29:51",516,8.2649,24.778,7.793,8.0572,7.6585
"8/17/2021","11:29:52",517,8.2647,24.775,7.7917,8.0562,7.6588
"8/17/2021","11:29:53",518,8.265,24.776,7.7938,8.0551,7.6568
"8/17/2021","11:29:54",519,8.2677,24.772,7.7942,8.0555,7.6572
"8/17/2021","11:29:55",520,8.2702,24.769,7.7922,8.0562,7.6594
"8/17/2021","11:29:56",521,8.2708,24.763,7.7874,8.0555,7.6628
"8/17/2021","11:29:57",522,8.2687,24.762,7.7871,8.0551,7.6618
"8/17/2021","11:29:58",523,8.2682,24.762,7.7903,8.0563,7.6631
"8/17/2021","11:29:59",524,8.2662,24.762,7.7905,8.0559,7.6589
"8/17/2021","11:30:00",525,8.2668,24.759,7.7913,8.0546,7.6596
"8/17/2021","11:30:01",526,8.2641,24.756,7.7906,8.054,7.6603
"8/17/2021","11:30:02",527,8.264,24.757,7.7928,8.0541,7.66
"8/17/2021","11:30:03",528,8.2645,24.761,7.7915,8.0565,7.6598
"8/17/2021","11:30:04",529,8.2675,24.764,7.7861,8.0551,7.6591
"8/17/2021","11:30:05",530,8.2679,24.763,7.7864,8.0559,7.6624
"8/17/2021","11:30:06",531,8.269,24.765,7.7855,8.0536,7.6636
"8/17/2021","11:30:07",532,8.2686,24.766,7.7902,8.0521,7.6625
"8/17/2021","11:30:08",533,8.2682,24.767,7.7892,8.0498,7.6609
"8/17/2021","11:30:09",534,8.2644,24.769,7.7878,8.049,7.6616
"8/17/2021","11:30:10",535,8.2643,24.768,7.7899,8.049,7.6624
"8/17/2021","11:30:11",536,8.265,24.768,7.7859,8.0485,7.6661
"8/17/2021","11:30:12",537,8.2668,24.765,7.785,8.047,7.6676
"8/17/2021","11:30:13",538,8.2652,24.76,7.7835,8.0473,7.6711
"8/17/2021","11:30:14",539,8.2641,24.755,7.7871,8.0465,7.673
"8/17/2021","11:30:15",540,8.2631,24.749,7.7889,8.0441,7.6719
"8/17/2021","11:30:16",541,8.2626,24.756,7.7869,8.0418,7.6681
"8/17/2021","11:30:17",542,8.2623,24.763,7.788,8.0415,7.6653
"8/17/2021","11:30:18",543,8.263,24.767,7.7919,8.0443,7.6655
"8/17/2021","11:30:19",544,8.2629,24.766,7.7929,8.0463,7.6667
"8/17/2021","11:30:20",545,8.263,24.763,7.7905,8.0444,7.6684
"8/17/2021","11:30:21",546,8.2651,24.758,7.7874,8.0402,7.6683
"8/17/2021","11:30:22",547,8.2721,24.752,7.7876,8.0353,7.6694
"8/17/2021","11:30:23",548,8.2758,24.747,7.7911,8.0313,7.6717
"8/17/2021","11:30:24",549,8.2765,24.746,7.7919,8.0316,7.6755
"8/17/2021","11:30:25",550,8.272,24.747,7.7913,8.0314,7.6751
"8/17/2021","11:30:26",551,8.2675,24.748,7.7926,8.0298,7.6737
"8/17/2021","11:30:27",552,8.2651,24.753,7.7923,8.0278,7.6703
"8/17/2021","11:30:28",553,8.264,24.75,7.7966,8.0243,7.6715
"8/17/2021","11:30:29",554,8.2682,24.744,7.7965,8.0274,7.6727
"8/17/2021","11:30:30",555,8.2706,24.737,7.7986,8.0281,7.6763
"8/17/2021","11:30:31",556,8.2724,24.738,7.7986,8.0286,7.677
"8/17/2021","11:30:32",557,8.2708,24.744,7.7974,8.0242,7.678
"8/17/2021","11:30:33",558,8.2687,24.752,7.794,8.0182,7.676
"8/17/2021","11:30:34",559,8.2638,24.756,7.7905,8.014,7.6765
"8/17/2021","11:30:35",560,8.2626,24.76,7.7895,8.0125,7.6765
"8/17/2021","11:30:36",561,8.2616,24.76,7.7951,8.0141,7.6778
"8/17/2021","11:30:37",562,8.2645,24.759,7.7941,8.0131,7.6751
"8/17/2021","11:30:38",563,8.2682,24.751,7.7939,8.017,7.6749
"8/17/2021","11:30:39",564,8.2681,24.741,7.7922,8.0202,7.6777
"8/17/2021","11:30:40",565,8.27,24.727,7.796,8.0232,7.6834
"8/17/2021","11:30:41",566,8.269,24.718,7.7949,8.021,7.6871
"8/17/2021","11:30:42",567,8.2713,24.721,7.7915,8.0177,7.6852
"8/17/2021","11:30:43",568,8.2681,24.729,7.7916,8.017,7.6854
"8/17/2021","11:30:44",569,8.2625,24.743,7.7954,8.0144,7.6823
"8/17/2021","11:30:45",570,8.2592,24.752,7.7974,8.0116,7.6823
"8/17/2021","11:30:46",571,8.2588,24.765,7.7981,8.0066,7.6776
"8/17/2021","11:30:47",572,8.2607,24.772,7.79,8.0028,7.6778
"8/17/2021","11:30:48",573,8.2625,24.775,7.7829,8.0003,7.6793
"8/17/2021","11:30:49",574,8.2623,24.773,7.7791,8.0047,7.6828
"8/17/2021","11:30:50",575,8.2618,24.766,7.7842,8.0078,7.6829
"8/17/2021","11:30:51",576,8.2607,24.76,7.79,8.0116,7.683
"8/17/2021","11:30:52",577,8.2613,24.755,7.7911,8.0089,7.6822
"8/17/2021","11:30:53",578,8.2619,24.752,7.7912,8.0118,7.6834
"8/17/2021","11:30:54",579,8.2608,24.753,7.7914,8.0121,7.6817
"8/17/2021","11:30:55",580,8.2596,24.753,7.7903,8.0142,7.6815
"8/17/2021","11:30:56",581,8.261,24.753,7.7926,8.0119,7.6786
"8/17/2021","11:30:57",582,8.2608,24.754,7.793,8.0077,7.6759
"8/17/2021","11:30:58",583,8.2636,24.754,7.7943,8.0024,7.6722
"8/17/2021","11:30:59",584,8.2625,24.757,7.7891,7.9957,7.6717
"8/17/2021","11:31:00",585,8.2655,24.758,7.7875,7.9921,7.669
"8/17/2021","11:31:01",586,8.2629,24.761,7.7848,7.9895,7.67
"8/17/2021","11:31:02",587,8.2612,24.761,7.7864,7.9871,7.6667
"8/17/2021","11:31:03",588,8.2588,24.76,7.7906,7.986,7.6663
"8/17/2021","11:31:04",589,8.2604,24.759,7.794,7.9874,7.6613
"8/17/2021","11:31:05",590,8.2594,24.76,7.7965,7.9861,7.6591
"8/17/2021","11:31:06",591,8.2596,24.762,7.7962,7.9857,7.6558
"8/17/2021","11:31:07",592,8.2553,24.763,7.8004,7.9831,7.6548
"8/17/2021","11:31:08",593,8.2556,24.763,7.8057,7.987,7.6515
"8/17/2021","11:31:09",594,8.2512,24.763,7.811,7.9907,7.6497
"8/17/2021","11:31:10",595,8.2521,24.759,7.8173,7.9935,7.6444
"8/17/2021","11:31:11",596,8.2489,24.758,7.8241,7.9914,7.6408
"8/17/2021","11:31:12",597,8.2527,24.757,7.8338,7.9898,7.6378
"8/17/2021","11:31:13",598,8.2528,24.758,7.8427,7.9891,7.6372
"8/17/2021","11:31:14",599,8.2562,24.759,7.8491,7.9857,7.6366
"8/17/2021","11:31:15",600,8.2548,24.758,7.8531,7.9821,7.6328
"8/17/2021","11:31:16",601,8.2551,24.76,7.8572,7.9766,7.6302
"8/17/2021","11:31:17",602,8.255,24.759,7.8731,7.9783,7.6295
"8/17/2021","11:31:18",603,8.2546,24.759,7.8953,7.9802,7.6293
"8/17/2021","11:31:19",604,8.257,24.759,7.922,7.9816,7.6267
"8/17/2021","11:31:20",605,8.2551,24.762,7.94,7.9774,7.6207
"8/17/2021","11:31:21",606,8.253,24.765,7.9569,7.9725,7.6179
"8/17/2021","11:31:22",607,8.2497,24.767,7.9726,7.9679,7.6147
"8/17/2021","11:31:23",608,8.249,24.767,7.995,7.9633,7.6145
"8/17/2021","11:31:24",609,8.2448,24.767,8.0093,7.9632,7.6121
"8/17/2021","11:31:25",610,8.2446,24.766,8.022,7.963,7.6101
"8/17/2021","11:31:26",611,8.2426,24.763,8.0307,7.966,7.6075
"8/17/2021","11:31:27",612,8.2461,24.763,8.0429,7.9624,7.6046
"8/17/2021","11:31:28",613,8.2472,24.763,8.0531,7.9597,7.6008
"8/17/2021","11:31:29",614,8.2517,24.763,8.0607,7.9567,7.5984
"8/17/2021","11:31:30",615,8.2578,24.762,8.0677,7.956,7.5968
"8/17/2021","11:31:31",616,8.259,24.761,8.0773,7.9559,7.5932
"8/17/2021","11:31:32",617,8.2614,24.759,8.0837,7.9519,7.5903
"8/17/2021","11:31:33",618,8.2597,24.759,8.0852,7.9485,7.5859
"8/17/2021","11:31:34",619,8.261,24.761,8.0838,7.9455,7.5835
"8/17/2021","11:31:35",620,8.2615,24.766,8.0832,7.9447,7.5791
"8/17/2021","11:31:36",621,8.2638,24.763,8.0882,7.9446,7.5775
"8/17/2021","11:31:37",622,8.2647,24.758,8.0903,7.9467,7.5752
"8/17/2021","11:31:38",623,8.2628,24.755,8.0916,7.948,7.5737
"8/17/2021","11:31:39",624,8.2626,24.757,8.0944,7.9448,7.57
"8/17/2021","11:31:40",625,8.2615,24.759,8.0957,7.94,7.5682
"8/17/2021","11:31:41",626,8.2612,24.757,8.0969,7.935,7.5666
"8/17/2021","11:31:42",627,8.2607,24.756,8.0927,7.9351,7.5626
"8/17/2021","11:31:43",628,8.2597,24.756,8.0947,7.9283,7.5599
"8/17/2021","11:31:44",629,8.2592,24.756,8.0967,7.9253,7.5562
"8/17/2021","11:31:45",630,8.2592,24.755,8.103,7.9222,7.5549
"8/17/2021","11:31:46",631.1,8.2563,24.756,8.1005,7.9244,7.5525
"8/17/2021","11:31:47",632,8.2553,24.757,8.1032,7.9263,7.551
"8/17/2021","11:31:48",633,8.2509,24.76,8.1031,7.9236,7.5491
"8/17/2021","11:31:49",634,8.2497,24.759,8.1042,7.9184,7.548
"8/17/2021","11:31:50",635,8.2474,24.758,8.0976,7.9165,7.5456
"8/17/2021","11:31:51",636,8.2456,24.756,8.0933,7.9131,7.5442
"8/17/2021","11:31:52",637,8.2463,24.755,8.0918,7.9161,7.5412
"8/17/2021","11:31:53",638,8.2487,24.755,8.0921,7.9129,7.5386
"8/17/2021","11:31:54",639,8.2499,24.755,8.0929,7.912,7.5369
"8/17/2021","11:31:55",640,8.2524,24.755,8.0957,7.9097,7.5363
"8/17/2021","11:31:56",641,8.2546,24.756,8.0956,7.9062,7.535
"8/17/2021","11:31:57",642,8.2536,24.755,8.0926,7.9069,7.5321
"8/17/2021","11:31:58",643,8.2534,24.756,8.087,7.9014,7.5318
"8/17/2021","11:31:59",644,8.2498,24.756,8.0809,7.8995,7.5292
"8/17/2021","11:32:00",645,8.2556,24.757,8.0823,7.8951,7.5296
"8/17/2021","11:32:01",646,8.2544,24.759,8.0806,7.8924,7.5235
"8/17/2021","11:32:02",647,8.2575,24.761,8.0809,7.8911,7.5223
"8/17/2021","11:32:03",648,8.2535,24.759,8.0759,7.8868,7.5196
"8/17/2021","11:32:04",649,8.2551,24.758,8.0752,7.8842,7.5178
"8/17/2021","11:32:05",650,8.2546,24.754,8.0766,7.8828,7.5183
"8/17/2021","11:32:06",651,8.254,24.754,8.0772,7.8806,7.5171
"8/17/2021","11:32:07",652,8.2509,24.752,8.0761,7.8795,7.5167
"8/17/2021","11:32:08",653,8.2503,24.753,8.0743,7.874,7.5116
"8/17/2021","11:32:09",654,8.2505,24.752,8.0727,7.8718,7.5082
"8/17/2021","11:32:10",655,8.2496,24.754,8.0693,7.8671,7.5062
"8/17/2021","11:32:11",656,8.2472,24.755,8.0679,7.8655,7.5027
"8/17/2021","11:32:12",657,8.245,24.759,8.064,7.8624,7.499
"8/17/2021","11:32:13",658,8.2446,24.757,8.0629,7.8616,7.4978
"8/17/2021","11:32:14",659,8.2422,24.758,8.0636,7.8593,7.4961
"8/17/2021","11:32:15",660,8.2427,24.758,8.0612,7.8565,7.4965
"8/17/2021","11:32:16",661,8.2453,24.761,8.0619,7.856,7.4908
"8/17/2021","11:32:17",662,8.247,24.76,8.059,7.8518,7.4877
"8/17/2021","11:32:18",663,8.25,24.762,8.0577,7.851,7.4841
"8/17/2021","11:32:19",664,8.2498,24.762,8.0525,7.8471,7.4809
"8/17/2021","11:32:20",665.13,8.2491,24.761,8.0503,7.8464,7.4805
"8/17/2021","11:32:21",666.01,8.2465,24.76,8.048,7.8447,7.4756
"8/17/2021","11:32:22",667,8.2471,24.761,8.0461,7.8433,7.4748
"8/17/2021","11:32:23",668,8.2452,24.769,8.0443,7.8374,7.4735
"8/17/2021","11:32:24",669,8.2432,24.78,8.0431,7.8306,7.4704
"8/17/2021","11:32:25",670,8.2405,24.79,8.0436,7.8245,7.4645
"8/17/2021","11:32:26",671,8.2401,24.796,8.0384,7.8221,7.4604
"8/17/2021","11:32:27",672,8.2404,24.798,8.0367,7.822,7.4612
"8/17/2021","11:32:28",673,8.2391,24.801,8.0292,7.8194,7.4615
"8/17/2021","11:32:29",674,8.2401,24.801,8.0277,7.8168,7.4579
"8/17/2021","11:32:30",675,8.2417,24.799,8.0231,7.8165,7.4545
"8/17/2021","11:32:31",676,8.2429,24.795,8.0216,7.8188,7.4535
"8/17/2021","11:32:32",677,8.2442,24.796,8.0186,7.8189,7.4497
"8/17/2021","11:32:33",678,8.2418,24.801,8.0153,7.8155,7.4447
"8/17/2021","11:32:34",679,8.241,24.806,8.0133,7.811,7.4412
"8/17/2021","11:32:35",680,8.2408,24.806,8.013,7.809,7.4391
"8/17/2021","11:32:36",681,8.2413,24.805,8.0144,7.8106,7.4356
"8/17/2021","11:32:37",682,8.2407,24.801,8.011,7.8076,7.4313
"8/17/2021","11:32:38",683,8.2413,24.796,8.0106,7.8072,7.4276
"8/17/2021","11:32:39",684,8.2443,24.793,8.0104,7.8005,7.4256
"8/17/2021","11:32:40",685,8.2458,24.795,8.0107,7.7987,7.4229
"8/17/2021","11:32:41",686,8.2457,24.797,8.0077,7.794,7.4209
"8/17/2021","11:32:42",687,8.2429,24.8,8.0019,7.7917,7.4171
"8/17/2021","11:32:43",688,8.2401,24.797,8.0025,7.7899,7.4153
"8/17/2021","11:32:44",689,8.242,24.792,8.0015,7.7894,7.4133
"8/17/2021","11:32:45",690,8.2428,24.785,8.0046,7.7888,7.4117
"8/17/2021","11:32:46",691,8.2453,24.781,8.004,7.7902,7.4085
"8/17/2021","11:32:47",692,8.243,24.777,7.9999,7.7877,7.4051
"8/17/2021","11:32:48",693,8.2432,24.775,7.9945,7.7871,7.4031
"8/17/2021","11:32:49",694,8.2435,24.77,7.9956,7.7856,7.4025
"8/17/2021","11:32:50",695,8.244,24.77,7.9958,7.7865,7.4028
"8/17/2021","11:32:51",696,8.244,24.77,7.9942,7.7831,7.3985
"8/17/2021","11:32:52",697,8.2406,24.774,7.9902,7.7785,7.3957
"8/17/2021","11:32:53",698,8.24,24.776,7.9901,7.7756,7.3892
"8/17/2021","11:32:54",699,8.2407,24.78,7.9913,7.7727,7.3886
"8/17/2021","11:32:55",700,8.2415,24.784,7.9864,7.7704,7.3839
"8/17/2021","11:32:56",701,8.2384,24.787,7.9814,7.7675,7.3817
"8/17/2021","11:32:57",702,8.2382,24.792,7.975,7.7668,7.3758
"8/17/2021","11:32:58",703,8.2399,24.792,7.975,7.7659,7.3732
"8/17/2021","11:32:59",704,8.2424,24.794,7.9704,7.7654,7.3697
"8/17/2021","11:33:00",705,8.2408,24.792,7.9724,7.7655,7.3687
"8/17/2021","11:33:01",706,8.2372,24.792,7.9703,7.7613,7.3662
"8/17/2021","11:33:02",707,8.2372,24.788,7.9698,7.7593,7.3649
"8/17/2021","11:33:03",708,8.2389,24.789,7.9684,7.7566,7.363
"8/17/2021","11:33:04",709,8.2383,24.789,7.9648,7.7576,7.3585
"8/17/2021","11:33:05",710,8.2337,24.791,7.9633,7.7558,7.357
"8/17/2021","11:33:06",711,8.2321,24.792,7.9618,7.7559,7.3539
"8/17/2021","11:33:07",712,8.2345,24.792,7.9632,7.7554,7.352
"8/17/2021","11:33:08",713,8.2376,24.791,7.9624,7.7565,7.3487
"8/17/2021","11:33:09",714,8.2355,24.789,7.9597,7.7532,7.3456
"8/17/2021","11:33:10",715,8.2331,24.789,7.954,7.7497,7.3446
"8/17/2021","11:33:11",716,8.2343,24.788,7.9497,7.7479,7.3399
"8/17/2021","11:33:12",717,8.2355,24.789,7.9452,7.7463,7.3401
"8/17/2021","11:33:13",718,8.2384,24.788,7.9435,7.7444,7.3371
"8/17/2021","11:33:14",719,8.2355,24.785,7.9452,7.7403,7.3357
"8/17/2021","11:33:15",720,8.235,24.781,7.944,7.7394,7.331
"8/17/2021","11:33:16",721,8.2349,24.78,7.943,7.7403,7.3274
"8/17/2021","11:33:17",722,8.2355,24.781,7.9365,7.7372,7.3262
"8/17/2021","11:33:18",723,8.2359,24.782,7.9333,7.7355,7.3238
"8/17/2021","11:33:19",724,8.2367,24.784,7.9301,7.7339,7.3215
"8/17/2021","11:33:20",725,8.2387,24.782,7.934,7.7354,7.318
"8/17/2021","11:33:21",726,8.2387,24.782,7.9342,7.7359,7.3161
"8/17/2021","11:33:22",727,8.2364,24.78,7.9343,7.734,7.3126
"8/17/2021","11:33:23",728,8.2354,24.78,7.9301,7.7314,7.3107
"8/17/2021","11:33:24",729,8.2323,24.781,7.927,7.7276,7.3059
"8/17/2021","11:33:25",730.14,8.2329,24.782,7.9253,7.7263,7.3041
"8/17/2021","11:33:26",731.02,8.2321,24.781,7.9218,7.7258,7.3015
"8/17/2021","11:33:27",732,8.2376,24.777,7.9209,7.7269,7.3013
"8/17/2021","11:33:28",733,8.2385,24.776,7.9193,7.7243,7.3005
"8/17/2021","11:33:29",734,8.2368,24.778,7.921,7.7213,7.2999
"8/17/2021","11:33:30",735,8.2359,24.78,7.9209,7.7173,7.2975
"8/17/2021","11:33:31",736,8.2341,24.781,7.9173,7.7156,7.2938
"8/17/2021","11:33:32",737,8.2338,24.781,7.9149,7.7134,7.2881
"8/17/2021","11:33:33",738,8.2342,24.783,7.911,7.7099,7.2833
"8/17/2021","11:33:34",739,8.2325,24.783,7.9122,7.7078,7.2804
"8/17/2021","11:33:35",740,8.235,24.784,7.9099,7.7054,7.2775
"8/17/2021","11:33:36",741,8.2328,24.785,7.9064,7.7011,7.2754
"8/17/2021","11:33:37",742,8.2357,24.784,7.9024,7.6949,7.2723
"8/17/2021","11:33:38",743,8.2364,24.784,7.905,7.6931,7.2693
"8/17/2021","11:33:39",744,8.2335,24.783,7.9014,7.6949,7.266
"8/17/2021","11:33:40",745,8.2325,24.783,7.9019,7.6931,7.262
"8/17/2021","11:33:41",746,8.2293,24.782,7.8927,7.6886,7.259
"8/17/2021","11:33:42",747,8.231,24.782,7.8935,7.6816,7.2567
"8/17/2021","11:33:43",748,8.2309,24.78,7.8882,7.6824,7.2568
"8/17/2021","11:33:44",749,8.2329,24.779,7.8841,7.6804,7.2555
"8/17/2021","11:33:45",750,8.2367,24.777,7.8831,7.6776,7.2562
"8/17/2021","11:33:46",751,8.2382,24.777,7.8828,7.6733,7.2521
"8/17/2021","11:33:47",752,8.2406,24.777,7.8847,7.674,7.2483
"8/17/2021","11:33:48",753,8.2406,24.777,7.885,7.6744,7.2424
"8/17/2021","11:33:49",754,8.2412,24.776,7.8835,7.6737,7.24
"8/17/2021","11:33:50",755,8.2367,24.778,7.8834,7.6691,7.2368
"8/17/2021","11:33:51",756,8.2329,24.778,7.8775,7.6684,7.2356
"8/17/2021","11:33:52",757,8.2316,24.776,7.8756,7.6643,7.2324
"8/17/2021","11:33:53",758,8.2338,24.774,7.8742,7.6616,7.2331
"8/17/2021","11:33:54",759,8.2342,24.772,7.8739,7.6583,7.2284
"8/17/2021","11:33:55",760,8.2337,24.772,7.8743,7.6561,7.2276
"8/17/2021","11:33:56",761,8.2331,24.773,7.8695,7.6575,7.2228
"8/17/2021","11:33:57",762,8.2329,24.77,7.868,7.6579,7.2242
"8/17/2021","11:33:58",763,8.2342,24.772,7.862,7.6568,7.2209
"8/17/2021","11:33:59",764,8.235,24.769,7.8618,7.6542,7.2177
"8/17/2021","11:34:00",765,8.237,24.771,7.8608,7.65,7.2134
"8/17/2021","11:34:01",766,8.2358,24.769,7.8633,7.6489,7.2121
"8/17/2021","11:34:02",767,8.2346,24.771,7.8608,7.6464,7.212
"8/17/2021","11:34:03",768,8.2317,24.772,7.8622,7.6462,7.206
"8/17/2021","11:34:04",769,8.2314,24.776,7.8577,7.6439,7.1982
"8/17/2021","11:34:05",770,8.2332,24.776,7.8569,7.6424,7.1935
"8/17/2021","11:34:06",771,8.2318,24.779,7.8511,7.6395,7.1904
"8/17/2021","11:34:07",772,8.2311,24.779,7.8484,7.6378,7.19
"8/17/2021","11:34:08",773,8.2294,24.779,7.8453,7.6358,7.1888
"8/17/2021","11:34:09",774,8.2317,24.778,7.8438,7.6345,7.1873
"8/17/2021","11:34:10",775,8.2329,24.778,7.8434,7.6352,7.1852
"8/17/2021","11:34:11",776,8.2314,24.777,7.8419,7.6354,7.1814
"8/17/2021","11:34:12",777,8.2315,24.779,7.8392,7.636,7.1813
"8/17/2021","11:34:13",778,8.228,24.777,7.837,7.6336,7.179
"8/17/2021","11:34:14",779,8.2269,24.779,7.8325,7.6333,7.178
"8/17/2021","11:34:15",780,8.2258,24.778,7.8308,7.6309,7.1761
"8/17/2021","11:34:16",781,8.2277,24.78,7.8276,7.6308,7.1737
"8/17/2021","11:34:17",782,8.2319,24.78,7.8289,7.6258,7.1695
"8/17/2021","11:34:18",783,8.2355,24.78,7.8275,7.6244,7.1674
"8/17/2021","11:34:19",784,8.2343,24.777,7.8261,7.6251,7.1687
"8/17/2021","11:34:20",785,8.2337,24.772,7.8267,7.6274,7.1671
"8/17/2021","11:34:21",786,8.2303,24.764,7.8277,7.6279,7.1647
"8/17/2021","11:34:22",787,8.2344,24.756,7.829,7.6257,7.1606
"8/17/2021","11:34:23",788,8.2345,24.749,7.8274,7.6239,7.1607
"8/17/2021","11:34:24",789,8.2381,24.746,7.8265,7.6226,7.1603
"8/17/2021","11:34:25",790,8.2362,24.746,7.8253,7.6183,7.1609
"8/17/2021","11:34:26",791,8.2337,24.746,7.8268,7.6154,7.1593
"8/17/2021","11:34:27",792,8.2319,24.748,7.8243,7.6122,7.1551
"8/17/2021","11:34:28",793,8.2303,24.752,7.8202,7.6127,7.1503
"8/17/2021","11:34:29",794,8.2322,24.759,7.812,7.609,7.1455
"8/17/2021","11:34:30",795,8.2316,24.765,7.8094,7.6054,7.1417
"8/17/2021","11:34:31",796,8.231,24.767,7.8102,7.6008,7.1396
"8/17/2021","11:34:32",797,8.2274,24.767,7.8147,7.6008,7.1383
"8/17/2021","11:34:33",798,8.2286,24.764,7.8114,7.5984,7.1355
"8/17/2021","11:34:34",799,8.2336,24.76,7.8107,7.5979,7.1326
"8/17/2021","11:34:35",800,8.2395,24.753,7.8098,7.596,7.1323
"8/17/2021","11:34:36",801,8.2382,24.747,7.8116,7.5959,7.1319
"8/17/2021","11:34:37",802,8.2351,24.743,7.8098,7.5969,7.1309
"8/17/2021","11:34:38",803,8.234,24.745,7.8023,7.595,7.1236
"8/17/2021","11:34:39",804,8.2356,24.747,7.8003,7.5941,7.1208
"8/17/2021","11:34:40",805,8.2341,24.751,7.7973,7.5884,7.1161
"8/17/2021","11:34:41",806,8.2326,24.754,7.7968,7.5874,7.115
"8/17/2021","11:34:42",807,8.2285,24.758,7.7933,7.585,7.1111
"8/17/2021","11:34:43",808,8.2291,24.761,7.7919,7.5833,7.1049
"8/17/2021","11:34:44",809,8.2285,24.762,7.7913,7.5808,7.1015
"8/17/2021","11:34:45",810,8.2311,24.764,7.7884,7.5813,7.0967
"8/17/2021","11:34:46",811,8.2312,24.766,7.7844,7.5815,7.0946
"8/17/2021","11:34:47",812,8.2317,24.767,7.7828,7.5813,7.0905
"8/17/2021","11:34:48",813,8.2305,24.766,7.7828,7.5786,7.092
"8/17/2021","11:34:49",814,8.2318,24.761,7.7845,7.578,7.0909
"8/17/2021","11:34:50",815,8.2307,24.759,7.7823,7.5739,7.0879
"8/17/2021","11:34:51",816,8.2294,24.758,7.7806,7.572,7.0805
"8/17/2021","11:34:52",817,8.2276,24.76,7.7762,7.5706,7.0769
"8/17/2021","11:34:53",818,8.2288,24.756,7.775,7.5715,7.0777
"8/17/2021","11:34:54",819,8.2322,24.752,7.7741,7.5689,7.0799
"8/17/2021","11:34:55",820,8.2324,24.75,7.774,7.5668,7.0802
"8/17/2021","11:34:56",821,8.2313,24.752,7.7714,7.5636,7.0766
"8/17/2021","11:34:57",822,8.2278,24.756,7.7685,7.5635,7.0727
"8/17/2021","11:34:58",823,8.2276,24.759,7.7633,7.5582,7.0688
"8/17/2021","11:34:59",824,8.2259,24.763,7.7601,7.5575,7.066
"8/17/2021","11:35:00",825,8.227,24.765,7.7593,7.557,7.0635
"8/17/2021","11:35:01",826,8.228,24.765,7.7593,7.5581,7.0598
"8/17/2021","11:35:02",827,8.2265,24.764,7.7598,7.5574,7.0567
"8/17/2021","11:35:03",828,8.2274,24.763,7.7584,7.5516,7.0555
"8/17/2021","11:35:04",829,8.2248,24.764,7.757,7.5492,7.0529
"8/17/2021","11:35:05",830,8.2254,24.767,7.7524,7.5458,7.0488
"8/17/2021","11:35:06",831,8.2227,24.769,7.7502,7.5429,7.042
"8/17/2021","11:35:07",832,8.2232,24.769,7.749,7.5415,7.041
"8/17/2021","11:35:08",833,8.2255,24.768,7.7462,7.5381,7.0401
"8/17/2021","11:35:09",834,8.2265,24.765,7.7444,7.5398,7.04
"8/17/2021","11:35:10",835,8.2249,24.766,7.7436,7.5359,7.0362
"8/17/2021","11:35:11",836,8.2263,24.765,7.7471,7.533,7.0328
"8/17/2021","11:35:12",837,8.2268,24.765,7.7411,7.5301,7.0296
"8/17/2021","11:35:13",838,8.2276,24.762,7.737,7.5286,7.0276
"8/17/2021","11:35:14",839,8.2242,24.763,7.7338,7.5273,7.0238
"8/17/2021","11:35:15",840,8.2243,24.762,7.738,7.5252,7.0219
"8/17/2021","11:35:16",841,8.2236,24.762,7.7381,7.5245,7.0188
"8/17/2021","11:35:17",842,8.2234,24.762,7.7365,7.5219,7.0172
"8/17/2021","11:35:18",843,8.2218,24.764,7.7307,7.522,7.0135
"8/17/2021","11:35:19",844,8.2241,24.766,7.7287,7.5213,7.0126
"8/17/2021","11:35:20",845,8.2286,24.767,7.7261,7.5225,7.0101
"8/17/2021","11:35:21",846,8.2294,24.767,7.7246,7.5168,7.0098
"8/17/2021","11:35:22",847,8.2289,24.767,7.7232,7.5159,7.007
"8/17/2021","11:35:23",848,8.2264,24.767,7.7229,7.5132,7.0061
"8/17/2021","11:35:24",849,8.2269,24.763,7.7215,7.5123,7.0027
"8/17/2021","11:35:25",850,8.2268,24.762,7.7198,7.512,7
"8/17/2021","11:35:26",851,8.2232,24.758,7.7178,7.5116,6.9999
"8/17/2021","11:35:27",852,8.2231,24.756,7.7202,7.5104,6.9974
"8/17/2021","11:35:28",853,8.2223,24.752,7.7197,7.5049,6.9944
"8/17/2021","11:35:29",854,8.2245,24.75,7.7168,7.5025,6.991
"8/17/2021","11:35:30",855,8.2231,24.75,7.7116,7.5014,6.9882
"8/17/2021","11:35:31",856,8.2228,24.753,7.7075,7.5008,6.9864
"8/17/2021","11:35:32",857,8.2226,24.755,7.7068,7.5003,6.9815
"8/17/2021","11:35:33",858,8.2237,24.757,7.7046,7.5011,6.9768
"8/17/2021","11:35:34",859,8.2212,24.757,7.7044,7.4984,6.9742
"8/17/2021","11:35:35",860,8.2212,24.761,7.7003,7.4949,6.9718
"8/17/2021","11:35:36",861,8.2208,24.762,7.6965,7.4895,6.9717
"8/17/2021","11:35:37",862,8.2229,24.765,7.6905,7.4892,6.9694
"8/17/2021","11:35:38",863,8.2234,24.764,7.6868,7.4894,6.9668
"8/17/2021","11:35:39",864,8.2225,24.761,7.6853,7.4904,6.9645
"8/17/2021","11:35:40",865,8.224,24.755,7.6852,7.4907,6.9614
"8/17/2021","11:35:41",866,8.2244,24.748,7.6864,7.4892,6.9617
"8/17/2021","11:35:42",867,8.224,24.748,7.6861,7.4896,6.9559
"8/17/2021","11:35:43",868,8.2222,24.748,7.6855,7.4853,6.9526
"8/17/2021","11:35:44",869,8.2188,24.753,7.6812,7.4814,6.9476
"8/17/2021","11:35:45",870,8.2187,24.753,7.6795,7.4777,6.9475
"8/17/2021","11:35:46",871,8.2207,24.753,7.6778,7.4796,6.9452
"8/17/2021","11:35:47",872,8.2254,24.75,7.6761,7.4816,6.9438
"8/17/2021","11:35:48",873,8.2257,24.749,7.6737,7.482,6.94
"8/17/2021","11:35:49",874,8.2256,24.75,7.6718,7.4772,6.9363
"8/17/2021","11:35:50",875,8.2233,24.752,7.6696,7.4747,6.933
"8/17/2021","11:35:51",876,8.2224,24.752,7.6665,7.4727,6.9292
"8/17/2021","11:35:52",877,8.2201,24.753,7.6618,7.4724,6.9269
"8/17/2021","11:35:53",878,8.2186,24.752,7.6609,7.4695,6.923
"8/17/2021","11:35:54",879,8.2176,24.752,7.6609,7.4684,6.9224
"8/17/2021","11:35:55",880,8.2152,24.749,7.6629,7.4683,6.9199
"8/17/2021","11:35:56",881,8.2168,24.747,7.6633,7.469,6.9172
"8/17/2021","11:35:57",882,8.2183,24.744,7.6613,7.4674,6.9153
"8/17/2021","11:35:58",883,8.2198,24.741,7.6557,7.465,6.9142
"8/17/2021","11:35:59",884,8.2169,24.745,7.653,7.4639,6.9102
"8/17/2021","11:36:00",885,8.2132,24.752,7.6523,7.4599,6.9057
"8/17/2021","11:36:01",886,8.2129,24.761,7.6518,7.4596,6.9009
"8/17/2021","11:36:02",887,8.2123,24.767,7.6499,7.4556,6.898
"8/17/2021","11:36:03",888,8.2152,24.767,7.646,7.456,6.8959
"8/17/2021","11:36:04",889,8.2158,24.767,7.6448,7.4503,6.8952
"8/17/2021","11:36:05",890,8.2167,24.764,7.6438,7.451,6.8943
"8/17/2021","11:36:06",891,8.2174,24.76,7.6442,7.451,6.8927
"8/17/2021","11:36:07",892,8.2156,24.754,7.6424,7.4527,6.8915
"8/17/2021","11:36:08",893,8.215,24.752,7.6411,7.4519,6.8898
"8/17/2021","11:36:09",894,8.2148,24.757,7.6398,7.4478,6.8869
"8/17/2021","11:36:10",895,8.2158,24.761,7.6374,7.4457,6.8836
"8/17/2021","11:36:11",896,8.2177,24.761,7.6335,7.4433,6.8826
"8/17/2021","11:36:12",897,8.2172,24.756,7.6321,7.4437,6.8818
"8/17/2021","11:36:13",898,8.2169,24.752,7.6332,7.4402,6.8781
"8/17/2021","11:36:14",899,8.2153,24.75,7.6363,7.4392,6.8752
"8/17/2021","11:36:15",900,8.2161,24.747,7.6356,7.4394,6.8748
"8/17/2021","11:36:16",901,8.2191,24.741,7.6382,7.441,6.8765
"8/17/2021","11:36:17",902,8.2229,24.732,7.6343,7.4417,6.8771
"8/17/2021","11:36:18",903,8.2218,24.727,7.6349,7.4383,6.8732
"8/17/2021","11:36:19",904,8.2217,24.724,7.6309,7.4378,6.8709
"8/17/2021","11:36:20",905,8.2208,24.729,7.6285,7.4324,6.868
"8/17/2021","11:36:21",906,8.2222,24.735,7.6239,7.4301,6.8683
"8/17/2021","11:36:22",907,8.2183,24.744,7.6197,7.4265,6.8626
"8/17/2021","11:36:23",908,8.2173,24.75,7.6183,7.4262,6.8568
"8/17/2021","11:36:24",909,8.2143,24.757,7.6149,7.422,6.8499
"8/17/2021","11:36:25",910,8.2136,24.764,7.6115,7.4204,6.8472
"8/17/2021","11:36:26",911,8.2094,24.767,7.6083,7.4158,6.8442
"8/17/2021","11:36:27",912,8.2085,24.766,7.6068,7.4142,6.8441
"8/17/2021","11:36:28",913,8.2106,24.763,7.6074,7.4149,6.8417
"8/17/2021","11:36:29",914,8.212,24.763,7.6065,7.4138,6.8413
"8/17/2021","11:36:30",915,8.2138,24.765,7.6041,7.4107,6.8383
"8/17/2021","11:36:31",916,8.2125,24.767,7.5998,7.4041,6.8384
"8/17/2021","11:36:32",917,8.2143,24.767,7.5965,7.4022,6.8371
"8/17/2021","11:36:33",918,8.2116,24.767,7.5931,7.4042,6.8345
"8/17/2021","11:36:34",919,8.2118,24.766,7.5915,7.4039,6.8327
"8/17/2021","11:36:35",920,8.2102,24.765,7.5907,7.4025,6.827
"8/17/2021","11:36:36",921,8.2121,24.765,7.5914,7.4012,6.8258
"8/17/2021","11:36:37",922,8.2122,24.766,7.5916,7.4017,6.8213
"8/17/2021","11:36:38",923,8.2109,24.765,7.5907,7.3986,6.8207
"8/17/2021","11:36:39",924,8.2087,24.764,7.5867,7.3967,6.8184
"8/17/2021","11:36:40",925,8.2081,24.765,7.5827,7.392,6.815
"8/17/2021","11:36:41",926,8.2069,24.765,7.5823,7.3939,6.8128
"8/17/2021","11:36:42",927,8.2051,24.764,7.5824,7.3908,6.8071
"8/17/2021","11:36:43",928,8.2074,24.759,7.5825,7.3898,6.8063
"8/17/2021","11:36:44",929,8.21,24.751,7.5796,7.3879,6.8047
"8/17/2021","11:36:45",930,8.215,24.745,7.5797,7.3878,6.8045
"8/17/2021","11:36:46",931,8.2141,24.741,7.5796,7.3896,6.804
"8/17/2021","11:36:47",932,8.2132,24.742,7.5801,7.3869,6.8012
"8/17/2021","11:36:48",933,8.2148,24.74,7.5794,7.3879,6.8001
"8/17/2021","11:36:49",934,8.216,24.74,7.5758,7.3859,6.7976
"8/17/2021","11:36:50",935,8.2197,24.74,7.5711,7.3868,6.7943
"8/17/2021","11:36:51",936,8.2182,24.741,7.5669,7.3829,6.7907
"8/17/2021","11:36:52",937,8.2178,24.742,7.5669,7.3793,6.7829
"8/17/2021","11:36:53",938,8.216,24.745,7.5668,7.3756,6.7778
"8/17/2021","11:36:54",939,8.2136,24.748,7.566,7.373,6.7735
"8/17/2021","11:36:55",940,8.2125,24.75,7.5634,7.372,6.7725
"8/17/2021","11:36:56",941,8.2119,24.749,7.56,7.3717,6.7695
"8/17/2021","11:36:57",942,8.2135,24.748,7.5561,7.371,6.7673
"8/17/2021","11:36:58",943,8.2124,24.747,7.5535,7.37,6.7645
"8/17/2021","11:36:59",944,8.2108,24.749,7.5528,7.3676,6.7644
"8/17/2021","11:37:00",945,8.2115,24.75,7.5511,7.3655,6.763
"8/17/2021","11:37:01",946,8.2118,24.752,7.5508,7.365,6.7604
"8/17/2021","11:37:02",947,8.2125,24.751,7.5474,7.3641,6.7573
"8/17/2021","11:37:03",948,8.2106,24.751,7.5485,7.3635,6.755
"8/17/2021","11:37:04",949,8.2092,24.751,7.5443,7.362,6.7528
"8/17/2021","11:37:05",950,8.2091,24.755,7.5453,7.3597,6.751
"8/17/2021","11:37:06",951,8.2095,24.756,7.5415,7.3581,6.7442
"8/17/2021","11:37:07",952,8.211,24.758,7.5385,7.3548,6.7418
"8/17/2021","11:37:08",953,8.2102,24.752,7.5355,7.353,6.7373
